0.000308056625448
180.581254213
63.924850263
42.7822148718
31.9362998048
25.4636086499
21.1775028781
18.130096804
15.8513367903
14.0824781469
12.6693451423
11.5143040724
10.5524930384
9.73912347217
9.04226651102
8.43854366993
7.91044258792
7.4445847556
7.03057318374
6.6602053485
6.32692296713
6.0254195712
5.75135528465
5.50114631872
5.27180708946
5.06083042894
4.8660953917
4.6857955876
4.51838304001
4.3625234852
4.21706074046
4.08098793478
3.95342417399
3.83359545626
3.72081885719
3.61448957365
3.51407007745
3.41908095959
3.32909330297
3.24372222962
3.1626213486
3.08547811372
3.01200971004
2.94195969799
2.87509492957
2.81120298762
2.75008995633
2.69157841668
2.63550573835
2.58172255543
2.53009149472
2.48048595113
2.43278903871
2.38689268621
2.34269687911
2.30010888764
2.25904252813
2.21941769196
2.18115985908
2.14419953667
2.10847181136
2.07391604528
2.04047558549
2.00809733759
1.97673146001
1.94633125416
1.91685287631
1.8882550152
1.86049882922
1.833547743
1.80736729467
1.7819248821
1.75718976057
1.73313292139
1.70972686919
1.68694553967
1.66476432875
1.6431598424
1.62210992463
1.60159350962
1.58159062911
1.56208224687
1.54305028117
1.52447756494
1.50634770352
1.48864502548
1.47135467376
1.45446248732
1.43795483606
1.42181878705
1.40604197952
1.39061262975
1.37551933358
1.36075130177
1.34629820705
1.33215008938
1.31829739123
1.30473101788
1.29144225903
1.27842266988
1.26566419404
1.25315908273
1.2408999396
1.22887956909
1.21709110539
1.20552794059
1.19418370376
1.18305229783
1.17212778751
1.16140453339
1.15087703487
1.14054002675
1.1303884074
1.12041728653
1.11062192365
1.1009977293
1.09154032402
1.08224541789
1.07310890398
1.06412679662
1.05529525445
1.04661055411
1.03806907412
1.02966739996
1.02140211549
1.01326996927
1.00526782282
0.997392621938
0.989641381733
0.982011209949
0.974499406963
0.967103223489
0.959820028804
0.952647296075
0.945582600323
0.938623559174
0.931767785851
0.925013087344
0.918357274773
0.911798259277
0.905333963824
0.898962322171
0.892681461346
0.886489496983
0.880384549658
0.874364812251
0.868428593368
0.862574239134
0.856800024696
0.851104376726
0.845485784841
0.839942696901
0.834473607854
0.829077109059
0.823751839233
0.818496369649
0.813309384675
0.808189621693
0.803135773818
0.798146650391
0.793221051809
0.788357803735
0.783555752672
0.778813785543
0.774130860603
0.769505863392
0.764937752219
0.760425561886
0.755968295138
0.751565012954
0.747214759469
0.742916586637
0.73866964311
0.734473063792
0.730325966428
0.726227479091
0.722176852007
0.718173304009
0.714215979516
0.71030415287
0.706437109844
0.702614118521
0.698834434378
0.695097348772
0.691402237843
0.687748401998
0.684135161669
0.680561932287
0.677028066282
0.673532972491
0.670076059846
0.666656685175
0.663274325799
0.659928401103
0.656618353847
0.653343684383
0.650103829316
0.646898287032
0.643726570972
0.640588167427
0.637482588015
0.634409333636
0.631367979975
0.628358073198
0.625379120945
0.622430707179
0.619512418959
0.616623832942
0.613764533487
0.610934088554
0.608132103862
0.605358218986
0.602612025279
0.599893155354
0.597201248153
0.594535937788
0.591896890935
0.589283719863
0.586696092363
0.584133672483
0.581596127012
0.579083178464
0.576594484619
0.574129694054
0.571688556814
0.56927075574
0.566875947772
0.564503896167
0.56215432087
0.559826920116
0.557521426564
0.555237579627
0.552975106647
0.550733704882
0.548513182828
0.546313286681
0.544133702648
0.541974235691
0.539834677277
0.537714771543
0.535614259666
0.533532897354
0.531470508421
0.529426878789
0.527401770068
0.525394966751
0.523406275504
0.521435490428
0.519482413817
0.517546809157
0.515628496345
0.513727329254
0.511843082863
0.509975580621
0.508124652618
0.506290067527
0.504471662917
0.502669309567
0.500882816043
0.499112014779
0.497356749604
0.495616797997
0.493892055395
0.492182374987
0.490487560891
0.488807443094
0.487141926683
0.485490885686
0.483854095132
0.482231400891
0.480622745553
0.479027958601
0.477446848538
0.4758793552
0.474325286102
0.472784564732
0.471256989867
0.469742519478
0.468240939347
0.466752208464
0.465276226648
0.463812745115
0.462361802598
0.460923124444
0.459496656877
0.458082285243
0.456679897753
0.455289474997
0.453910801244
0.452543747741
0.451188322771
0.449844345734
0.448511709434
0.447190345348
0.445880123911
0.44458098723
0.443292823613
0.442015507877
0.440748979409
0.439493123612
0.438247864948
0.437013126916
0.435788785268
0.434574775911
0.43337101339
0.432177379091
0.430993838494
0.429820324058
0.428656677358
0.427502844831
0.426358789862
0.425224398286
0.424099606411
0.422984331387
0.42187848284
0.420782008222
0.419694845982
0.418616903338
0.417548108954
0.416488379994
0.41543768141
0.41439594712
0.41336306781
0.412339009842
0.411323691376
0.410317043213
0.409319043074
0.408329602345
0.407348633915
0.406376103275
0.405411939684
0.404456077324
0.403508504727
0.4025691399
0.40163786923
0.400714681514
0.399799536591
0.398892373709
0.397993144768
0.397101753604
0.39621816034
0.395342333896
0.394474229019
0.393613791784
0.392760959145
0.391915669809
0.391077883861
0.390247559571
0.389424664782
0.388609153841
0.387800946583
0.386999996404
0.386206281535
0.385419749688
0.384640377996
0.383868131966
0.383102898114
0.382344658071
0.381593421266
0.380849120254
0.380111710871
0.379381155676
0.378657390645
0.37794040375
0.37723015219
0.376526580804
0.375829693449
0.375139449781
0.374455755733
0.373778584202
0.373107954884
0.372443815388
0.371786129027
0.371134838541
0.370489902274
0.369851320184
0.369219049659
0.368593061056
0.367973339047
0.367359813834
0.366752457284
0.366151250398
0.365556173437
0.364967202527
0.364384308959
0.363807445147
0.363236543085
0.362671609008
0.362112667557
0.361559669618
0.361012546446
0.360471267461
0.359935831762
0.359406216423
0.358882413432
0.358364357251
0.35785203188
0.357345456049
0.356844545247
0.356349270979
0.355859682162
0.355375716475
0.35489732435
0.354424522474
0.353957274698
0.353495530001
0.353039317611
0.352588595592
0.352143312568
0.35170349571
0.351269118635
0.350840128817
0.350416519982
0.349998266784
0.349585364257
0.349177823449
0.348775586854
0.348378605162
0.347986903437
0.347600460877
0.347219247957
0.346843264172
0.346472505308
0.346106927532
0.345746494162
0.345391220093
0.345041085186
0.344696056226
0.344356174417
0.344021381458
0.343691625709
0.343366954863
0.343047344159
0.342732740621
0.342423174201
0.342118602435
0.341819015484
0.341524454746
0.341234850112
0.340950172828
0.340670430934
0.340395594417
0.340125719235
0.339860762249
0.339600684575
0.339345497681
0.339095163781
0.338849696736
0.338609094008
0.338373291397
0.33814233802
0.337916227493
0.337694933172
0.337478453471
0.337266724227
0.337059767897
0.336857612461
0.336660211067
0.3364675915
0.336279702154
0.336096527712
0.335918152498
0.335744486988
0.335575505525
0.335411249448
0.335251679569
0.335096817296
0.334946653728
0.334801188949
0.334660402697
0.334524261648
0.334392836913
0.334266031635
0.334143862981
0.334026371376
0.333913525802
0.333805314639
0.333701746771
0.333602803038
0.333508535754
0.333418844722
0.333333797619
0.333253354234
0.333177510591
0.33310630126
0.333039694963
0.332977709854
0.332920293013
0.33286753705
0.332819375783
0.33277578507
0.332736781501
0.33270237837
0.33267255559
0.332647320034
0.332626660263
0.332610564982
0.332599076148
6.58487583344e-07
0.0
